# Created by Octave 6.4.0, Wed Dec 07 20:37:46 2022 -03 <vitor@unotebook>
# name: ans
# type: scalar
910


# name: arquivo_existe
# type: bool matrix
# rows: 1
# columns: 19
 1 1 1 1 1 1 1 1 1 1 1 1 1 1 1 1 1 1 1


# name: casos
# type: matrix
# rows: 1
# columns: 906
 1 6 3 3 1 3 3 2 4 4 3 2 4 2 3 7 3 2 1 1 1 1 3 4 1 1 1 2 1 5 2 2 1 1 3 1 2 7 2 5 1 1 2 1 2 2 1 2 2 1 2 5 5 6 9 11 3 8 25 20 24 34 13 24 46 111 88 108 122 57 58 179 174 155 206 378 185 150 680 534 426 498 552 240 231 935 860 756 643 607 569 571 1176 1478 1349 1264 1072 500 564 1838 625 1274 712 2034 703 563 2250 2476 1834 1997 833 728 649 2126 2029 2107 1916 2032 699 558 1737 2405 2560 2057 1953 883 701 2152 2630 2410 2657 2221 853 1018 2403 1902 2881 2463 2189 885 926 2561 2375 2711 2312 1874 982 761 2637 2530 2473 1083 2040 974 943 3186 3663 3449 3130 2809 1096 906 3466 2891 2694 2782 2803 1232 638 2670 3171 2840 2557 2513 1182 677 2655 2909 2723 2360 2147 941 615 2367 2055 2024 1673 1808 726 418 1921 3550 2450 2479 2055 1049 650 2532 2607 2144 1834 2075 708 572 2377 2512 2203 1906 1960 834 451 2585 3210 2594 2917 2206 903 544 2941 2909 2643 1855 2158 572 763 2515 2551 2167 2007 1638 669 455 2493 2511 2301 2193 1804 734 512 643 2589 2408 2661 1904 819 477 2534 2226 2245 1988 2039 648 409 2185 2149 1860 1811 1752 735 397 2162 2512 2019 1953 1956 513 384 2605 2098 2084 1846 1784 698 364 471 2550 2197 1887 1770 741 431 1677 1937 1784 1811 1841 625 513 2275 2294 1909 2133 1135 688 547 698 2482 1946 2601 2271 876 593 2907 2771 2545 2557 2809 1231 679 3622 3807 3723 3672 1341 1510 1204 4725 5304 4217 5478 5278 2081 1319 6682 6049 6031 5425 5338 1961 1570 6010 6055 6308 6469 5262 1747 1544 5121 6378 5732 5720 4895 2037 1370 5771 5138 4673 1842 787 2045 1311 6846 5808 5284 1936 1069 1913 1284 7405 6302 5391 5249 4684 1842 1364 5185 5217 4268 4197 3833 1335 1142 4840 4039 2720 3505 3805 1122 1034 4342 3417 3269 3245 2746 1148 1215 3252 2849 2409 2424 2262 827 812 2902 2529 2501 2338 2264 764 591 1477 614 1893 2768 2471 988 683 2993 2645 2465 2493 2240 991 863 2967 2721 2760 3113 2826 1147 809 3868 3417 3766 3680 3391 1453 1178 5193 4566 4355 4478 4264 1873 1472 5870 5471 4928 5279 4872 2164 1730 5664 5250 4868 4732 2237 2106 1397 6127 5494 4925 4623 4287 1851 1475 5404 4476 4474 4361 4273 1725 1314 5261 4620 2599 4280 2533 1680 1217 5428 4593 4293 3824 3718 1420 1146 4693 4095 4071 4521 3973 1642 1076 5052 4364 4100 3902 3892 1912 1262 5258 4892 4828 4605 4355 1981 1123 5215 4607 3800 4186 3820 1938 1294 4772 4648 3890 1510 3702 1595 1126 4369 4272 3800 3664 3554 1327 886 4062 3150 3449 2935 3003 1020 811 3796 3249 2714 3006 2606 1301 817 3892 1896 2556 2730 2379 954 610 3686 2633 2681 2878 3109 1084 740 2558 3458 2602 2793 3125 1140 753 2294 3580 3177 2946 3017 1103 690 3984 3596 3588 3123 2923 1288 760 4150 3839 3914 3978 3499 1530 854 4792 4729 4284 4133 3920 1797 1049 5454 4975 4774 4495 4199 1674 1071 5646 4724 4311 4037 3913 1499 781 4860 3752 3838 3437 3387 1350 721 3199 974 2346 2437 2588 936 644 2973 2848 2429 2139 1923 699 463 2598 1901 1706 1818 1800 592 393 1990 1631 1541 1450 1346 428 274 1504 1278 1172 1175 993 282 194 575 288 1263 878 776 321 267 927 787 740 703 791 219 161 825 835 882 694 625 260 122 402 252 782 640 564 175 121 688 579 629 642 566 158 79 153 714 625 652 467 95 109 751 772 511 545 413 137 80 627 539 539 646 524 156 87 531 693 456 564 252 135 71 305 137 274 265 143 43 41 192 175 235 379 202 76 147 591 998 985 1237 590 246 488 4024 7084 10152 12536 15526 8841 4296 24396 28871 34498 40152 30340 21351 9813 40618 35964 33560 30456 31435 12891 6596 28617 23927 23358 21351 17791 7080 4761 15389 14365 12807 11826 10223 2852 1595 8171 6621 6181 6186 5358 1727 822 4729 4924 4195 3349 2858 849 503 3289 2764 3022 2556 2231 403 270 558 248 1456 1953 1606 254 233 1888 1833 1765 1699 1350 267 120 1772 982 1174 1092 741 201 137 1136 1291 846 742 545 128 184 774 892 895 864 793 181 145 631 608 829 744 473 89 86 665 651 567 408 95 166 96 641 656 599 87 209 45 63 742 981 631 474 543 152 101 663 754 614 753 570 231 153 856 865 800 936 1050 366 181 1287 568 559 557 1480 521 223 2035 1884 2224 2270 2559 1115 439 3703 3941 4525 4632 4345 3198 579 6105 5612 6212 6497 6086 2421 818 6623 6397 6419 1100 4858 3132 831 8487 7465 6964 6125 5565 2197 668 6368 5237 4573 4494 3823 1177 469 3711 3151


